datetime	open	high	low	close	volume
03.01.2020 00:00	255.99	258.19	253.7	255.0	3585184
06.01.2020 00:00	254.75	254.84	251.4	253.9	2234830
08.01.2020 00:00	253.57	259.15	253.03	259.15	4081724
09.01.2020 00:00	259.4	261.76	257.01	257.99	3832902
10.01.2020 00:00	257.86	259.25	256.88	258.19	1885139
13.01.2020 00:00	258.3	262.4	257.15	262.4	2585501
14.01.2020 00:00	262.5	263.22	258.62	259.05	3112574
15.01.2020 00:00	258.49	258.91	254.21	256.31	4936179
16.01.2020 00:00	257.11	259.51	256.1	257.51	4024677
17.01.2020 00:00	258.2	262.82	257.75	262.5	4491429
20.01.2020 00:00	263.2	266.97	261.8	266.28	2979771
21.01.2020 00:00	265.5	268.9	263.02	268.06	3808209
22.01.2020 00:00	268.72	270.8	265.5	266.54	4428249
23.01.2020 00:00	264.64	266.89	262.24	263.73	4060417
24.01.2020 00:00	264.5	267.5	264.21	265.49	2734010
27.01.2020 00:00	261.0	262.1	255.32	255.32	5645337
28.01.2020 00:00	257.0	258.84	254.1	257.7	4813736
29.01.2020 00:00	258.4	261.57	257.61	259.94	3504794
30.01.2020 00:00	258.0	258.69	255.27	257.31	3176934
31.01.2020 00:00	258.5	259.2	252.17	252.2	4792156
03.02.2020 00:00	251.8	254.96	251.1	253.99	5272846
04.02.2020 00:00	255.3	257.38	252.9	255.4	4978636
05.02.2020 00:00	255.89	257.66	253.14	255.2	5075657
06.02.2020 00:00	256.5	258.0	251.86	252.11	4361598
07.02.2020 00:00	253.1	254.3	248.73	254.3	5022663
10.02.2020 00:00	254.55	255.73	252.07	252.26	3522069
11.02.2020 00:00	253.75	259.77	253.0	254.5	7945473
12.02.2020 00:00	255.4	255.49	252.31	254.5	5252330
13.02.2020 00:00	253.62	255.18	252.5	253.89	3673084
14.02.2020 00:00	254.4	254.4	251.4	251.75	3001738
17.02.2020 00:00	252.5	253.1	250.13	251.36	2642938
18.02.2020 00:00	250.07	250.44	247.57	249.2	3636595
19.02.2020 00:00	250.37	250.68	247.95	249.7	2579889
20.02.2020 00:00	250.03	252.17	249.13	250.15	3071736
21.02.2020 00:00	248.35	251.49	247.24	250.8	2776293
25.02.2020 00:00	247.98	249.0	245.17	245.19	4105578
26.02.2020 00:00	244.75	251.21	243.22	250.8	6775785
27.02.2020 00:00	247.5	248.98	242.0	242.88	5824040
28.02.2020 00:00	235.0	239.0	231.0	233.36	12463331
02.03.2020 00:00	238.93	241.0	218.86	228.17	10198604
03.03.2020 00:00	233.0	239.0	232.28	236.63	8365395
04.03.2020 00:00	234.13	236.7	232.62	235.27	5427467
05.03.2020 00:00	237.0	238.72	230.64	232.33	5708376
06.03.2020 00:00	228.0	229.2	216.67	219.99	10444690
10.03.2020 00:00	197.99	212.74	184.86	201.2	24454180
11.03.2020 00:00	202.0	204.33	192.05	194.53	13830403
12.03.2020 00:00	185.15	187.87	173.14	175.91	19797288
13.03.2020 00:00	175.0	199.52	174.3	198.6	26303828
16.03.2020 00:00	194.0	196.7	186.0	195.85	17427360
17.03.2020 00:00	195.0	204.78	183.8	184.01	18414839
18.03.2020 00:00	179.0	182.2	172.15	174.27	15500818
19.03.2020 00:00	178.5	190.15	173.06	189.51	18742770
20.03.2020 00:00	198.62	201.86	192.05	195.69	17058297
23.03.2020 00:00	188.0	190.99	182.1	183.37	15789145
24.03.2020 00:00	193.3	195.0	189.1	192.64	10488199
25.03.2020 00:00	196.38	201.0	182.32	188.08	18797835
26.03.2020 00:00	187.69	191.2	182.8	188.07	11160237
27.03.2020 00:00	188.05	188.97	180.17	180.38	11427775
30.03.2020 00:00	177.0	183.2	174.9	183.0	9433468
31.03.2020 00:00	186.0	188.77	184.25	187.21	11402692
01.04.2020 00:00	183.2	185.47	182.0	184.78	7682682
02.04.2020 00:00	188.3	189.9	182.0	186.95	12563636
03.04.2020 00:00	186.6	187.49	184.28	185.64	9286029
06.04.2020 00:00	187.52	192.02	186.42	190.7	7786492
07.04.2020 00:00	193.02	200.54	193.02	197.63	13642167
08.04.2020 00:00	196.02	200.29	195.12	200.29	8998098
09.04.2020 00:00	202.4	205.44	199.3	203.61	10998163
10.04.2020 00:00	201.85	202.75	200.7	201.99	2875825
13.04.2020 00:00	202.0	202.16	197.32	198.26	4128439
14.04.2020 00:00	199.99	202.85	196.1	197.37	8022007
15.04.2020 00:00	196.0	196.25	186.06	186.07	9816446
16.04.2020 00:00	187.22	191.67	183.53	188.5	10917487
17.04.2020 00:00	192.5	192.7	188.28	191.8	7172794
20.04.2020 00:00	190.6	192.23	187.31	189.32	6224008
21.04.2020 00:00	185.54	187.5	183.65	186.05	9430729
22.04.2020 00:00	185.01	191.94	184.5	190.2	7536189
23.04.2020 00:00	191.99	192.5	188.68	190.94	6275965
24.04.2020 00:00	189.73	191.65	187.7	188.91	5531385
27.04.2020 00:00	189.98	190.5	188.43	188.9	4371172
28.04.2020 00:00	188.5	194.22	188.17	192.8	7858478
29.04.2020 00:00	194.46	195.8	192.86	195.8	6984214
30.04.2020 00:00	196.51	199.7	195.46	197.25	8719865
04.05.2020 00:00	195.68	195.68	193.26	193.69	5639820
05.05.2020 00:00	195.51	196.46	194.0	194.75	3543926
06.05.2020 00:00	195.0	197.23	194.3	195.7	4956141
07.05.2020 00:00	196.0	198.15	195.06	195.51	5772899
08.05.2020 00:00	196.0	196.25	194.6	196.02	3383634
12.05.2020 00:00	193.3	198.0	191.2	191.4	6765688
13.05.2020 00:00	190.05	190.6	186.66	187.31	6346611
14.05.2020 00:00	186.5	188.2	183.5	183.81	7668212
15.05.2020 00:00	186.13	186.78	183.33	183.85	6314814
18.05.2020 00:00	186.33	190.0	185.4	188.93	7754589
19.05.2020 00:00	190.37	192.55	186.8	189.0	10532402
20.05.2020 00:00	188.49	193.98	186.6	193.98	9334304
21.05.2020 00:00	194.0	196.31	191.5	192.4	7954195
22.05.2020 00:00	190.97	191.25	188.6	188.9	5701357
25.05.2020 00:00	189.62	191.31	188.8	191.0	2314009
26.05.2020 00:00	193.0	196.1	192.11	194.0	7931220
27.05.2020 00:00	194.0	198.97	193.32	198.51	11607421
28.05.2020 00:00	199.31	205.0	198.4	205.0	11717967
29.05.2020 00:00	204.11	204.4	199.17	200.5	10665314
01.06.2020 00:00	203.1	205.93	201.81	203.66	6565067
02.06.2020 00:00	204.67	212.0	204.0	212.0	11686831
03.06.2020 00:00	214.0	221.92	213.51	221.5	14504373
04.06.2020 00:00	220.67	221.0	212.55	213.1	12249402
05.06.2020 00:00	215.13	219.93	213.6	219.1	8865886
08.06.2020 00:00	219.8	223.15	217.45	220.3	8882670
09.06.2020 00:00	221.13	221.88	215.44	217.23	6916625
10.06.2020 00:00	217.0	217.58	211.82	212.53	9189546
11.06.2020 00:00	208.91	209.24	206.01	208.35	7003306
15.06.2020 00:00	205.07	207.85	202.3	207.32	7599651
16.06.2020 00:00	210.28	212.19	207.52	207.76	6655911
17.06.2020 00:00	208.52	210.35	206.94	208.14	5657887
18.06.2020 00:00	207.8	208.1	202.72	203.77	7227576
19.06.2020 00:00	205.44	209.2	204.55	207.0	7504551
22.06.2020 00:00	206.7	207.95	204.28	206.4	5866411
23.06.2020 00:00	207.7	209.74	206.43	207.3	5348794
25.06.2020 00:00	201.0	207.0	200.75	206.92	7149522
26.06.2020 00:00	206.97	207.5	201.76	203.15	4669064
29.06.2020 00:00	201.0	205.86	200.97	205.8	4308268
30.06.2020 00:00	205.7	206.0	202.36	203.22	4375496
02.07.2020 00:00	205.01	210.15	204.28	209.6	7615482
03.07.2020 00:00	210.0	211.97	209.0	210.95	5060281
06.07.2020 00:00	212.94	216.79	212.94	214.61	5511817
07.07.2020 00:00	212.9	214.23	210.51	210.53	4470921
08.07.2020 00:00	210.8	212.29	209.3	210.97	4199967
09.07.2020 00:00	210.7	211.7	208.1	209.11	4512913
10.07.2020 00:00	207.5	212.6	206.57	212.28	5063159
13.07.2020 00:00	213.86	214.2	208.11	208.39	5115968
14.07.2020 00:00	208.38	209.58	205.7	209.5	6599674
15.07.2020 00:00	210.29	211.8	207.65	211.09	4944346
16.07.2020 00:00	209.7	212.6	208.63	211.35	3898619
17.07.2020 00:00	211.68	212.18	209.86	210.81	3612364
20.07.2020 00:00	210.27	214.48	209.08	213.89	4448252
21.07.2020 00:00	215.0	219.1	214.38	215.73	7524103
22.07.2020 00:00	215.98	217.65	213.56	216.71	4841883
23.07.2020 00:00	217.49	219.28	215.0	215.41	4334838
24.07.2020 00:00	214.78	217.41	197.73	215.97	5337504
27.07.2020 00:00	216.64	218.38	215.15	216.9	3828282
28.07.2020 00:00	216.82	217.42	215.25	215.53	2455789
29.07.2020 00:00	215.89	219.18	215.63	219.18	4133224
30.07.2020 00:00	218.71	218.88	215.34	218.15	5117213
31.07.2020 00:00	218.18	221.98	217.43	221.57	5964355
03.08.2020 00:00	222.27	228.36	221.3	226.72	6449151
04.08.2020 00:00	227.39	228.85	225.63	227.16	4199044
05.08.2020 00:00	228.15	229.17	224.31	226.4	5459691
06.08.2020 00:00	225.9	226.25	225.9	226.0	20659
07.08.2020 00:00	225.05	227.6	224.46	227.28	3560319
10.08.2020 00:00	227.88	228.7	224.51	225.99	4344397
11.08.2020 00:00	226.21	234.73	226.21	232.65	8183919
12.08.2020 00:00	233.14	242.5	233.03	242.4	10095637
13.08.2020 00:00	242.14	244.04	238.57	241.39	8563307
14.08.2020 00:00	242.0	242.22	238.47	239.99	4425115
17.08.2020 00:00	240.8	242.35	234.5	237.8	7701082
18.08.2020 00:00	236.88	239.83	235.69	236.3	3670921
19.08.2020 00:00	235.89	240.75	235.19	239.4	3819847
20.08.2020 00:00	238.44	238.51	230.33	232.48	11690702
21.08.2020 00:00	233.32	236.5	227.35	231.22	13886029
24.08.2020 00:00	232.5	233.7	230.2	231.81	4444828
25.08.2020 00:00	232.22	232.97	226.9	228.08	5895914
26.08.2020 00:00	228.3	229.4	224.7	227.8	7571934
27.08.2020 00:00	227.8	229.98	225.6	226.23	5100554
28.08.2020 00:00	227.0	228.1	225.19	226.3	4070058
31.08.2020 00:00	227.02	229.71	225.0	226.1	6194464
01.09.2020 00:00	226.71	227.97	226.01	227.64	3750287
02.09.2020 00:00	228.56	228.75	220.85	222.57	7778383
03.09.2020 00:00	221.7	224.23	218.0	218.32	6935233
04.09.2020 00:00	218.01	222.5	216.75	222.21	7051406
07.09.2020 00:00	221.58	224.2	220.5	221.32	5922702
08.09.2020 00:00	222.01	222.48	216.29	217.68	6980937
09.09.2020 00:00	217.03	218.88	216.8	218.0	4797760
10.09.2020 00:00	218.25	222.15	215.79	220.6	7115200
11.09.2020 00:00	221.22	223.15	219.75	221.07	4563351
14.09.2020 00:00	222.32	227.54	222.13	227.37	6279850
15.09.2020 00:00	228.21	231.95	227.39	231.5	6174249
16.09.2020 00:00	231.73	232.6	230.15	231.06	3954783
17.09.2020 00:00	229.1	231.75	228.57	231.46	4886256
18.09.2020 00:00	232.01	232.59	229.0	230.3	5456820
21.09.2020 00:00	229.88	230.07	223.49	226.25	7025335
22.09.2020 00:00	226.01	230.28	225.46	229.88	6652912
23.09.2020 00:00	230.05	232.1	227.61	228.5	7120948
24.09.2020 00:00	227.7	231.1	225.75	228.17	8183009
25.09.2020 00:00	229.01	229.3	226.25	228.24	6009593
28.09.2020 00:00	228.79	229.55	227.35	228.63	6423844
29.09.2020 00:00	228.85	228.85	223.1	225.48	9038011
30.09.2020 00:00	224.44	230.75	223.25	229.14	7854707
01.10.2020 00:00	229.14	229.9	226.86	227.23	7769546
02.10.2020 00:00	210.4	211.39	206.5	208.8	11333326
05.10.2020 00:00	209.6	210.69	207.72	208.89	4550395
06.10.2020 00:00	209.0	212.99	208.35	211.18	8749414
07.10.2020 00:00	211.31	212.66	209.03	210.6	6193856
08.10.2020 00:00	211.21	211.43	207.26	207.97	4938672
09.10.2020 00:00	208.46	208.96	204.4	205.38	6546466
12.10.2020 00:00	205.97	208.49	204.57	206.18	5205984
13.10.2020 00:00	205.92	207.64	204.77	205.03	4599546
14.10.2020 00:00	205.13	208.0	204.78	207.83	4680023
15.10.2020 00:00	207.45	207.57	201.95	203.85	7645311
16.10.2020 00:00	204.01	204.25	200.5	201.17	6620707
19.10.2020 00:00	201.59	204.0	201.59	202.78	4738819
20.10.2020 00:00	203.0	209.76	202.5	209.54	8089409
21.10.2020 00:00	210.04	213.25	208.9	210.33	8243406
22.10.2020 00:00	209.58	211.53	207.84	210.21	4673762
23.10.2020 00:00	210.0	214.73	209.15	214.5	7520865
26.10.2020 00:00	213.4	214.45	210.5	211.1	5882167
27.10.2020 00:00	211.5	212.29	206.66	207.64	6105327
28.10.2020 00:00	206.91	206.94	202.3	204.73	7012870
29.10.2020 00:00	206.51	207.33	203.64	205.58	9129799
30.10.2020 00:00	203.66	204.84	200.61	200.99	8342406
02.11.2020 00:00	200.44	204.59	196.15	204.5	8220291
03.11.2020 00:00	205.7	211.11	203.8	209.2	9025021
05.11.2020 00:00	214.4	218.65	211.43	216.7	15205916
06.11.2020 00:00	215.8	218.29	213.0	217.5	9492819
09.11.2020 00:00	220.0	231.3	218.7	228.05	21721721
10.11.2020 00:00	227.18	237.6	226.27	236.1	22943110
11.11.2020 00:00	237.0	245.98	236.89	244.2	23473474
12.11.2020 00:00	243.31	245.72	240.22	242.08	15136211
13.11.2020 00:00	242.01	244.14	238.62	242.99	10607073
16.11.2020 00:00	244.14	248.73	244.0	247.99	11371590
17.11.2020 00:00	247.99	249.84	243.41	245.7	9486174
18.11.2020 00:00	245.07	247.23	242.59	242.71	6003686
19.11.2020 00:00	242.5	243.49	237.34	240.27	9693355
20.11.2020 00:00	239.7	240.77	236.57	239.42	4870771
23.11.2020 00:00	240.46	243.87	238.52	239.7	7475059
24.11.2020 00:00	241.51	247.85	239.57	247.33	8439172
25.11.2020 00:00	247.95	252.2	246.55	251.91	13327972
26.11.2020 00:00	252.2	252.88	247.44	250.1	7980260
27.11.2020 00:00	250.31	252.26	248.03	251.59	5141385
30.11.2020 00:00	249.72	251.0	245.98	249.63	11204043
01.12.2020 00:00	250.71	260.99	249.8	260.81	13204580
02.12.2020 00:00	260.05	264.99	258.8	264.06	9327029
03.12.2020 00:00	264.49	264.63	260.85	263.14	6221997
04.12.2020 00:00	264.65	270.84	264.5	270.0	9454604
07.12.2020 00:00	269.2	276.13	268.1	274.36	9468210
08.12.2020 00:00	274.44	276.66	271.52	275.49	7882327
09.12.2020 00:00	276.19	279.42	275.87	276.89	7360660
10.12.2020 00:00	276.7	282.2	275.2	282.2	7554713
11.12.2020 00:00	282.5	284.6	279.78	283.73	7603152
14.12.2020 00:00	285.02	287.74	277.1	279.95	9021640
15.12.2020 00:00	278.53	283.76	276.07	278.7	8417042
16.12.2020 00:00	278.0	280.84	276.14	278.35	5471261
17.12.2020 00:00	279.84	285.16	276.54	278.5	9205647
18.12.2020 00:00	277.4	277.4	268.52	270.16	9912960
21.12.2020 00:00	266.4	267.34	259.7	261.79	12032933
22.12.2020 00:00	259.55	267.42	257.05	262.04	10534525
23.12.2020 00:00	262.2	270.29	260.22	270.1	6788037
24.12.2020 00:00	271.9	272.82	267.13	269.32	4244742
25.12.2020 00:00	269.93	271.0	268.28	270.64	1197834
28.12.2020 00:00	270.89	275.19	269.73	274.7	3883853
29.12.2020 00:00	275.91	276.43	271.26	272.0	3898489
30.12.2020 00:00	272.5	274.24	270.12	271.65	3150950