datetime	open	high	low	close	volume
03.01.2020 00:00	84.62	85.74	84.24	85.33	954747
06.01.2020 00:00	85.35	85.35	84.52	85.24	573710
08.01.2020 00:00	84.71	86.18	84.32	85.45	722477
09.01.2020 00:00	85.6	88.95	85.3	87.78	1640219
10.01.2020 00:00	88.0	89.38	87.22	89.3	1449378
13.01.2020 00:00	89.64	92.0	88.71	91.89	2628579
14.01.2020 00:00	91.9	92.52	89.66	90.02	1984754
15.01.2020 00:00	90.02	90.7	89.01	90.37	1133634
16.01.2020 00:00	90.39	91.19	88.38	88.96	1549160
17.01.2020 00:00	88.78	91.99	88.6	91.85	1842795
20.01.2020 00:00	91.4	91.9	90.66	90.99	1498947
21.01.2020 00:00	90.83	91.85	89.63	90.87	1935225
22.01.2020 00:00	90.71	92.64	90.71	91.49	2290230
23.01.2020 00:00	91.0	92.21	89.88	90.02	1873059
24.01.2020 00:00	90.0	91.01	89.8	90.49	1084585
27.01.2020 00:00	89.55	89.85	86.54	87.0	1725829
28.01.2020 00:00	87.0	87.58	84.56	85.53	2992633
29.01.2020 00:00	85.78	86.63	85.01	85.5	1837423
30.01.2020 00:00	85.15	85.31	82.82	82.82	2513577
31.01.2020 00:00	83.0	84.0	80.05	80.2	2610756
03.02.2020 00:00	80.0	82.21	79.66	81.45	1683684
04.02.2020 00:00	81.85	82.88	80.76	82.7	2577218
05.02.2020 00:00	82.98	85.25	82.15	84.39	2663151
06.02.2020 00:00	84.71	85.36	82.8	83.71	2013876
07.02.2020 00:00	83.71	84.79	82.8	84.53	1194367
10.02.2020 00:00	84.59	84.74	79.87	82.05	3899874
11.02.2020 00:00	82.42	82.9	80.76	82.18	1966415
12.02.2020 00:00	82.3	83.15	81.5	82.78	1505890
13.02.2020 00:00	82.48	82.7	81.16	81.47	1047135
14.02.2020 00:00	81.4	82.36	81.22	82.17	739066
17.02.2020 00:00	81.87	82.48	81.64	82.19	523925
18.02.2020 00:00	82.05	82.65	80.37	80.5	1355782
19.02.2020 00:00	80.57	81.81	80.57	81.25	1117245
20.02.2020 00:00	81.3	83.75	81.3	82.96	2079875
21.02.2020 00:00	82.61	83.45	81.85	83.2	910373
25.02.2020 00:00	81.5	86.03	80.01	80.2	2622830
26.02.2020 00:00	80.49	80.87	77.0	79.0	3265671
27.02.2020 00:00	78.7	78.84	75.9	76.26	2908641
28.02.2020 00:00	74.99	75.25	67.56	71.39	7103100
02.03.2020 00:00	73.35	73.57	70.0	71.56	3127215
03.03.2020 00:00	72.71	72.81	70.12	70.82	1936619
04.03.2020 00:00	70.12	72.16	67.44	71.56	2578385
05.03.2020 00:00	72.02	72.5	70.68	71.65	1094718
06.03.2020 00:00	71.2	71.52	68.7	70.75	3650028
10.03.2020 00:00	63.69	73.98	62.37	68.61	5733146
11.03.2020 00:00	70.0	71.39	67.03	69.42	3008532
12.03.2020 00:00	66.99	67.88	63.55	63.55	4544051
13.03.2020 00:00	64.0	66.28	62.79	62.79	3980180
16.03.2020 00:00	63.89	63.89	57.31	59.95	4254595
17.03.2020 00:00	59.15	60.45	57.31	58.98	2748180
18.03.2020 00:00	57.68	59.19	51.51	54.0	5519215
19.03.2020 00:00	53.5	59.71	51.01	59.7	4637448
20.03.2020 00:00	61.0	65.5	56.6	57.3	4986093
23.03.2020 00:00	55.55	59.63	54.01	57.56	2852160
24.03.2020 00:00	60.44	62.0	58.06	58.37	4183090
25.03.2020 00:00	60.12	63.92	60.01	61.61	4401297
26.03.2020 00:00	61.7	62.07	58.81	60.46	2876598
27.03.2020 00:00	61.0	61.44	56.04	56.9	2515424
30.03.2020 00:00	55.77	58.95	54.47	58.72	2349356
31.03.2020 00:00	59.03	64.59	59.03	64.59	4241926
01.04.2020 00:00	63.0	64.7	61.76	63.43	3136323
02.04.2020 00:00	65.0	65.4	60.0	61.8	4370180
03.04.2020 00:00	61.85	63.3	61.11	61.59	2802047
06.04.2020 00:00	62.5	64.0	61.64	63.5	2142148
07.04.2020 00:00	64.77	66.5	63.99	65.8	3451227
08.04.2020 00:00	65.3	65.58	64.58	65.58	1837205
09.04.2020 00:00	65.93	67.4	65.61	67.33	2722851
10.04.2020 00:00	66.8	66.89	65.56	66.35	1601152
13.04.2020 00:00	66.1	66.35	63.37	64.75	1511924
14.04.2020 00:00	64.9	65.92	63.5	63.5	2631203
15.04.2020 00:00	63.5	63.65	59.8	59.9	3138633
16.04.2020 00:00	60.23	60.74	58.5	59.24	3430755
17.04.2020 00:00	60.01	61.1	59.02	60.78	2678279
20.04.2020 00:00	60.79	61.88	59.71	60.02	2377759
21.04.2020 00:00	59.31	60.84	59.04	60.28	2415451
22.04.2020 00:00	59.74	62.5	59.74	61.71	2220445
23.04.2020 00:00	62.11	63.68	61.65	62.87	2483851
24.04.2020 00:00	62.95	62.95	60.82	61.11	2284855
27.04.2020 00:00	61.4	62.46	61.32	61.76	1302525
28.04.2020 00:00	61.8	65.33	61.8	63.77	3166257
29.04.2020 00:00	64.62	65.09	63.61	63.9	1894126
30.04.2020 00:00	64.38	64.62	61.25	62.2	3462822
04.05.2020 00:00	61.68	62.8	60.81	62.5	1338272
05.05.2020 00:00	63.15	63.34	62.21	62.79	1479453
06.05.2020 00:00	62.8	63.3	61.36	61.73	1889943
07.05.2020 00:00	61.8	62.99	61.4	62.51	1368484
08.05.2020 00:00	62.8	62.83	61.63	62.4	961101
12.05.2020 00:00	62.54	63.73	61.82	62.86	2423554
13.05.2020 00:00	62.8	62.8	61.18	61.18	1591228
14.05.2020 00:00	61.0	61.99	60.71	61.09	1502709
15.05.2020 00:00	61.75	62.0	59.82	59.82	1427738
18.05.2020 00:00	60.47	61.77	60.38	61.33	1705026
19.05.2020 00:00	61.22	62.2	61.17	61.5	1314521
20.05.2020 00:00	61.44	64.25	61.05	63.97	3358976
21.05.2020 00:00	63.82	65.0	62.83	63.6	2402993
22.05.2020 00:00	63.06	64.55	63.06	63.81	1955567
25.05.2020 00:00	64.0	64.7	63.75	63.9	1269972
26.05.2020 00:00	64.49	65.63	64.26	64.7	1893063
27.05.2020 00:00	64.95	67.21	64.71	65.84	2686808
28.05.2020 00:00	66.01	67.95	65.9	67.95	2002167
29.05.2020 00:00	67.62	67.79	65.63	66.0	3593151
01.06.2020 00:00	66.26	69.44	66.26	69.02	3335308
02.06.2020 00:00	69.44	70.34	67.53	68.27	3473588
03.06.2020 00:00	68.5	69.0	66.87	68.03	2625983
04.06.2020 00:00	68.0	68.3	66.06	66.89	2072244
05.06.2020 00:00	66.9	67.2	64.73	65.05	3367188
08.06.2020 00:00	65.5	67.81	65.09	66.5	3095800
09.06.2020 00:00	66.45	66.8	65.07	65.28	1875932
10.06.2020 00:00	65.4	65.7	63.6	64.15	3115746
11.06.2020 00:00	63.81	63.93	62.62	62.95	2241156
15.06.2020 00:00	62.39	63.5	61.27	63.5	3172771
16.06.2020 00:00	63.93	64.46	63.23	63.92	2775745
17.06.2020 00:00	64.05	64.6	63.64	63.94	1747283
18.06.2020 00:00	63.94	64.05	62.65	63.25	2703659
19.06.2020 00:00	63.56	65.33	63.38	64.22	2778264
22.06.2020 00:00	64.38	64.47	63.15	64.2	1518851
23.06.2020 00:00	64.36	64.83	63.87	64.29	1061908
25.06.2020 00:00	64.0	64.2	62.83	63.39	2494077
26.06.2020 00:00	63.35	63.7	62.9	63.24	1117316
29.06.2020 00:00	62.91	64.5	62.91	64.22	1239052
30.06.2020 00:00	64.36	64.86	64.13	64.49	1186417
02.07.2020 00:00	64.76	65.59	64.59	65.32	1405456
03.07.2020 00:00	65.4	65.79	64.82	65.67	734965
06.07.2020 00:00	65.82	66.5	65.51	66.07	1748740
07.07.2020 00:00	65.4	66.98	65.4	66.15	1748920
08.07.2020 00:00	66.3	66.92	66.08	66.88	1596953
09.07.2020 00:00	66.77	66.98	65.65	65.91	2117914
10.07.2020 00:00	63.69	64.28	63.18	64.2	1868542
13.07.2020 00:00	64.15	64.85	63.12	63.55	1155450
14.07.2020 00:00	63.58	63.64	61.85	62.49	1442945
15.07.2020 00:00	62.91	63.81	62.36	63.41	1233556
16.07.2020 00:00	63.4	64.38	62.94	64.18	1404607
17.07.2020 00:00	64.02	64.43	63.66	64.04	679226
20.07.2020 00:00	63.8	64.65	63.8	64.5	1235181
21.07.2020 00:00	64.8	65.92	64.39	65.0	1813242
22.07.2020 00:00	65.05	65.16	64.33	64.94	1091050
23.07.2020 00:00	65.0	65.1	63.87	64.02	1415674
24.07.2020 00:00	63.99	65.05	63.19	64.94	1463570
27.07.2020 00:00	65.44	66.84	64.93	66.68	1900177
28.07.2020 00:00	66.85	66.85	65.45	65.64	1088448
29.07.2020 00:00	65.73	67.6	65.65	66.34	2994497
30.07.2020 00:00	66.4	67.56	65.83	66.5	2256342
31.07.2020 00:00	66.7	68.64	66.23	68.27	2460917
03.08.2020 00:00	68.65	69.35	67.58	68.57	1695889
04.08.2020 00:00	68.47	70.08	67.57	69.9	2480892
05.08.2020 00:00	70.01	70.37	69.37	69.86	1511422
06.08.2020 00:00	70.0	70.18	69.55	70.1	966030
07.08.2020 00:00	70.0	70.0	68.33	68.85	1538244
10.08.2020 00:00	69.94	71.2	69.02	69.85	2263100
11.08.2020 00:00	69.7	70.25	68.9	69.44	1873191
12.08.2020 00:00	69.59	70.11	68.8	69.89	957360
13.08.2020 00:00	70.21	70.21	69.25	69.75	1238763
14.08.2020 00:00	69.5	69.81	67.5	67.98	3312673
17.08.2020 00:00	67.82	67.85	66.0	66.48	2478352
18.08.2020 00:00	66.45	66.95	65.01	65.42	2141114
19.08.2020 00:00	65.49	66.66	65.05	66.33	1455369
20.08.2020 00:00	66.2	66.65	65.42	66.34	1342535
21.08.2020 00:00	66.41	66.82	65.84	66.43	1133905
24.08.2020 00:00	66.66	67.54	66.24	67.39	990849
25.08.2020 00:00	67.47	67.59	66.61	67.19	958814
26.08.2020 00:00	67.2	67.58	66.35	67.4	1125882
27.08.2020 00:00	67.55	68.14	67.21	67.4	1181408
28.08.2020 00:00	67.32	67.55	66.8	67.18	586225
31.08.2020 00:00	67.31	68.02	65.65	66.15	2202233
01.09.2020 00:00	66.47	68.76	66.06	68.25	1957812
02.09.2020 00:00	68.35	68.53	66.06	66.67	1408687
03.09.2020 00:00	66.55	67.64	66.26	66.9	1372995
04.09.2020 00:00	67.03	68.18	66.6	67.92	2127911
07.09.2020 00:00	67.68	68.47	66.7	68.39	1326044
08.09.2020 00:00	68.48	69.75	68.28	69.37	2514833
09.09.2020 00:00	69.37	69.76	68.75	69.2	1134390
10.09.2020 00:00	69.13	72.46	68.53	71.65	4806225
11.09.2020 00:00	71.91	74.96	71.77	74.94	4301418
14.09.2020 00:00	75.07	75.64	73.23	73.7	3247129
15.09.2020 00:00	74.03	75.57	73.57	75.15	2598410
16.09.2020 00:00	75.48	75.48	74.13	74.98	1817633
17.09.2020 00:00	75.48	76.48	74.41	75.1	1780908
18.09.2020 00:00	75.28	77.25	75.02	76.3	2480580
21.09.2020 00:00	75.65	77.06	73.53	74.7	2330244
22.09.2020 00:00	75.1	75.24	73.69	74.93	1650234
23.09.2020 00:00	74.81	76.11	72.66	72.95	2474557
24.09.2020 00:00	73.07	73.49	71.42	73.04	2129384
25.09.2020 00:00	73.2	73.2	70.66	71.94	2011142
28.09.2020 00:00	71.99	72.76	71.6	72.64	1190152
29.09.2020 00:00	72.54	73.46	71.22	72.1	1605578
30.09.2020 00:00	72.11	74.12	72.0	73.78	3838970
01.10.2020 00:00	74.1	74.58	72.73	73.99	1720271
02.10.2020 00:00	73.7	74.43	72.92	74.12	1253474
05.10.2020 00:00	74.31	74.81	73.42	74.56	1047533
06.10.2020 00:00	74.53	77.69	74.44	76.97	2630973
07.10.2020 00:00	77.09	77.96	75.68	76.28	1873418
08.10.2020 00:00	76.07	77.97	76.07	77.7	1597994
09.10.2020 00:00	77.88	78.64	74.56	75.41	3352185
12.10.2020 00:00	75.6	78.44	75.02	78.22	2446405
13.10.2020 00:00	78.14	78.39	75.9	76.4	1606556
14.10.2020 00:00	76.31	77.46	76.03	76.85	1065845
15.10.2020 00:00	76.58	76.88	75.0	75.71	1226356
16.10.2020 00:00	75.47	76.97	75.29	76.0	1116610
19.10.2020 00:00	76.09	76.43	75.0	75.64	877603
20.10.2020 00:00	75.4	75.66	74.51	75.48	690809
21.10.2020 00:00	75.1	75.62	73.87	74.83	873396
22.10.2020 00:00	74.48	75.58	74.41	75.18	756028
23.10.2020 00:00	75.15	75.5	74.63	74.94	492052
26.10.2020 00:00	74.72	75.89	74.02	74.15	908835
27.10.2020 00:00	74.35	74.92	73.52	74.46	1104659
28.10.2020 00:00	74.47	74.65	69.91	70.24	2242650
29.10.2020 00:00	70.62	72.2	69.23	71.81	2356401
30.10.2020 00:00	71.6	71.69	69.94	70.75	1402395
02.11.2020 00:00	70.87	71.38	70.08	70.96	1049858
03.11.2020 00:00	71.21	72.13	70.65	71.89	1287897
05.11.2020 00:00	72.48	75.76	71.9	74.9	2324454
06.11.2020 00:00	74.66	77.6	74.16	76.78	2124486
09.11.2020 00:00	77.31	81.94	76.76	79.91	3641022
10.11.2020 00:00	79.74	80.87	78.34	79.24	2269982
11.11.2020 00:00	79.0	80.5	78.47	79.67	1841854
12.11.2020 00:00	79.95	80.59	78.55	79.52	1838119
13.11.2020 00:00	79.74	81.65	78.76	81.2	1812329
16.11.2020 00:00	81.89	86.51	81.75	86.4	3718331
17.11.2020 00:00	86.49	87.4	85.04	86.3	3160586
18.11.2020 00:00	86.19	90.15	85.74	88.9	3673547
19.11.2020 00:00	89.15	91.2	88.12	89.54	3653218
20.11.2020 00:00	89.04	89.4	87.66	88.38	1376732
23.11.2020 00:00	88.7	89.38	86.5	86.93	2259113
24.11.2020 00:00	86.9	87.51	83.6	85.74	3252232
25.11.2020 00:00	85.7	87.98	84.1	87.69	2599137
26.11.2020 00:00	87.74	89.08	86.89	87.37	1719701
27.11.2020 00:00	87.22	91.0	87.22	90.53	3800324
30.11.2020 00:00	89.69	91.14	87.9	88.52	3192127
01.12.2020 00:00	88.54	90.99	87.9	89.9	1956174
02.12.2020 00:00	89.68	91.98	89.08	89.76	1924757
03.12.2020 00:00	90.2	90.79	86.94	89.44	2566610
04.12.2020 00:00	90.21	92.16	89.4	91.54	2102375
07.12.2020 00:00	91.45	93.5	90.91	91.93	2542234
08.12.2020 00:00	92.02	94.49	91.44	92.95	2333005
09.12.2020 00:00	93.17	93.9	91.41	91.65	1376065
10.12.2020 00:00	91.74	93.33	90.69	92.21	2378691
11.12.2020 00:00	92.26	93.29	91.91	92.1	998855
14.12.2020 00:00	92.52	92.69	90.07	90.4	1851848
15.12.2020 00:00	90.11	93.55	89.68	91.95	2183900
16.12.2020 00:00	92.18	96.49	92.18	96.27	4504445
17.12.2020 00:00	96.1	98.79	95.58	96.49	3200331
18.12.2020 00:00	95.89	97.2	93.76	94.58	2480309
21.12.2020 00:00	94.6	95.28	92.64	94.85	1914046
22.12.2020 00:00	94.43	97.01	94.41	96.14	1784434
23.12.2020 00:00	96.2	97.76	96.14	97.23	1716818
24.12.2020 00:00	97.5	98.92	96.11	97.71	1241217
25.12.2020 00:00	97.73	98.06	96.13	97.11	413494
28.12.2020 00:00	97.07	97.99	96.82	97.65	824245
29.12.2020 00:00	97.6	98.44	97.35	97.67	847137
30.12.2020 00:00	97.96	99.4	97.53	99.0	1169513