datetime	open	high	low	close	volume
03.01.2020 00:00	143.98	144.74	143.3	144.5	458034
06.01.2020 00:00	144.5	144.5	140.88	141.94	660254
08.01.2020 00:00	139.0	139.5	137.8	139.5	933385
09.01.2020 00:00	139.14	143.6	139.14	141.96	1011067
10.01.2020 00:00	142.16	145.12	140.8	143.62	944473
13.01.2020 00:00	143.98	146.98	142.48	146.84	714555
14.01.2020 00:00	147.08	151.46	146.22	146.92	1150977
15.01.2020 00:00	146.9	148.76	145.24	146.5	651217
16.01.2020 00:00	146.72	149.3	146.72	147.58	598758
17.01.2020 00:00	148.8	150.5	148.0	150.2	580507
20.01.2020 00:00	150.26	152.0	148.1	148.78	771173
21.01.2020 00:00	148.38	148.68	145.78	147.36	549377
22.01.2020 00:00	147.36	148.1	143.52	144.04	889535
23.01.2020 00:00	143.52	145.66	142.94	144.2	431819
24.01.2020 00:00	145.2	146.18	144.56	145.0	270593
27.01.2020 00:00	144.22	144.38	140.5	143.16	549401
28.01.2020 00:00	143.0	144.64	142.64	144.12	407012
29.01.2020 00:00	145.06	145.06	143.32	144.2	412956
30.01.2020 00:00	143.5	144.52	142.54	143.82	276997
31.01.2020 00:00	144.18	144.66	138.0	138.0	1134141
03.02.2020 00:00	137.48	138.66	135.6	135.98	815477
04.02.2020 00:00	136.52	139.1	136.52	138.42	649168
05.02.2020 00:00	138.82	140.0	137.22	138.82	855892
06.02.2020 00:00	139.5	140.44	138.2	139.44	612795
07.02.2020 00:00	139.02	140.06	137.5	139.98	519952
10.02.2020 00:00	140.18	141.28	134.64	137.58	766110
11.02.2020 00:00	138.5	139.34	136.8	137.2	672304
12.02.2020 00:00	137.5	142.24	136.1	141.24	1324747
13.02.2020 00:00	140.3	140.9	138.84	139.14	571049
14.02.2020 00:00	139.14	141.22	138.3	140.32	547558
17.02.2020 00:00	140.8	141.86	139.68	140.42	204399
18.02.2020 00:00	139.6	141.36	138.6	138.9	572983
19.02.2020 00:00	140.0	140.44	137.2	139.12	497902
20.02.2020 00:00	139.52	141.1	139.3	139.98	441922
21.02.2020 00:00	139.8	140.76	138.86	139.82	584524
25.02.2020 00:00	137.96	139.9	137.68	137.72	804809
26.02.2020 00:00	137.82	137.98	134.5	136.74	992010
27.02.2020 00:00	136.0	136.4	131.4	131.4	799694
28.02.2020 00:00	127.0	130.76	123.16	124.94	2088616
02.03.2020 00:00	130.0	130.0	119.14	122.18	1670016
03.03.2020 00:00	123.5	124.48	121.12	122.36	996260
04.03.2020 00:00	121.42	123.9	120.28	123.16	803416
05.03.2020 00:00	124.44	124.84	121.74	124.38	878810
06.03.2020 00:00	123.0	123.44	117.6	119.56	1219089
10.03.2020 00:00	107.6	123.94	100.82	118.04	1842352
11.03.2020 00:00	119.9	122.94	117.02	120.7	1693985
12.03.2020 00:00	116.0	117.5	109.8	111.14	1472501
13.03.2020 00:00	111.2	116.88	109.54	109.54	1306253
16.03.2020 00:00	111.0	112.0	105.5	108.76	1271438
17.03.2020 00:00	109.28	113.0	104.0	107.8	1109683
18.03.2020 00:00	106.68	107.98	101.1	101.1	1035214
19.03.2020 00:00	102.0	110.86	100.0	108.42	1954946
20.03.2020 00:00	110.9	113.48	109.44	111.56	1637143
23.03.2020 00:00	108.56	110.88	106.5	108.36	907897
24.03.2020 00:00	111.0	117.34	111.0	116.08	1417063
25.03.2020 00:00	118.0	125.48	117.7	122.12	1871775
26.03.2020 00:00	121.96	122.44	118.56	119.76	1013935
27.03.2020 00:00	120.02	120.38	115.12	116.4	627652
30.03.2020 00:00	114.0	118.78	113.4	118.78	590053
31.03.2020 00:00	120.78	125.3	119.98	124.0	947386
01.04.2020 00:00	122.0	124.18	121.28	122.8	756251
02.04.2020 00:00	124.64	125.92	118.74	122.7	1213787
03.04.2020 00:00	122.4	124.98	121.12	124.84	940397
06.04.2020 00:00	126.04	131.4	124.62	130.0	813553
07.04.2020 00:00	132.14	132.78	131.12	132.24	807720
08.04.2020 00:00	131.12	133.0	129.14	133.0	824540
09.04.2020 00:00	133.72	134.6	130.4	133.46	746548
10.04.2020 00:00	132.02	132.08	131.0	131.58	188775
13.04.2020 00:00	132.5	132.58	128.7	129.92	337283
14.04.2020 00:00	130.72	131.96	129.0	129.04	683304
15.04.2020 00:00	128.04	128.9	124.2	125.32	670234
16.04.2020 00:00	125.66	127.48	124.58	125.5	791364
17.04.2020 00:00	127.3	127.98	125.52	126.1	565926
20.04.2020 00:00	125.58	128.36	125.56	127.5	681480
21.04.2020 00:00	126.0	126.36	124.3	124.88	1085646
22.04.2020 00:00	124.44	127.48	124.44	125.5	874026
23.04.2020 00:00	126.3	128.34	125.4	127.46	606251
24.04.2020 00:00	127.58	127.58	124.4	124.84	986554
27.04.2020 00:00	124.72	125.88	123.16	123.16	644600
28.04.2020 00:00	123.0	126.46	122.4	125.6	868530
29.04.2020 00:00	126.02	128.3	125.08	127.1	529465
30.04.2020 00:00	127.64	128.4	125.94	128.34	684342
04.05.2020 00:00	127.68	127.68	123.9	124.8	535661
05.05.2020 00:00	125.98	126.4	124.7	125.08	325014
06.05.2020 00:00	125.8	126.1	124.06	124.06	443763
07.05.2020 00:00	124.5	126.58	124.12	124.9	500140
08.05.2020 00:00	125.22	125.58	123.92	125.0	376834
12.05.2020 00:00	124.3	124.48	122.1	122.1	763719
13.05.2020 00:00	122.02	122.12	118.24	118.24	555742
14.05.2020 00:00	118.1	118.92	116.02	117.28	732622
15.05.2020 00:00	118.32	120.22	117.52	118.4	522741
18.05.2020 00:00	119.98	124.64	119.5	124.64	860102
19.05.2020 00:00	124.04	126.26	123.2	125.02	898524
20.05.2020 00:00	125.02	128.6	124.4	128.1	854636
21.05.2020 00:00	128.02	129.28	125.06	125.7	539266
22.05.2020 00:00	125.02	128.36	124.32	128.28	715166
25.05.2020 00:00	128.5	132.48	128.44	132.2	598610
26.05.2020 00:00	132.9	136.44	132.2	134.0	1340039
27.05.2020 00:00	134.02	138.26	134.02	135.7	971209
28.05.2020 00:00	137.96	139.26	135.94	138.8	778925
29.05.2020 00:00	139.16	139.16	134.72	137.76	1648776
01.06.2020 00:00	138.3	139.0	136.8	137.72	450073
02.06.2020 00:00	137.4	138.24	136.36	138.16	561818
03.06.2020 00:00	138.48	140.74	137.68	139.88	640414
04.06.2020 00:00	140.38	140.88	136.72	138.86	1095697
05.06.2020 00:00	138.88	144.16	138.22	142.0	886419
08.06.2020 00:00	139.88	140.0	137.1	137.58	672130
09.06.2020 00:00	138.02	138.78	135.92	137.0	628692
10.06.2020 00:00	137.0	139.3	136.12	138.66	557156
11.06.2020 00:00	137.3	137.46	134.82	135.6	376521
15.06.2020 00:00	134.22	134.5	130.92	131.5	793445
16.06.2020 00:00	132.36	134.9	132.36	133.36	793558
17.06.2020 00:00	134.66	137.72	134.16	137.28	837285
18.06.2020 00:00	136.6	139.0	136.16	137.82	925715
19.06.2020 00:00	138.42	139.6	138.02	138.86	776076
22.06.2020 00:00	138.6	138.86	136.34	138.32	457190
23.06.2020 00:00	138.4	140.14	138.02	138.9	365311
25.06.2020 00:00	138.06	138.38	136.5	138.34	451454
26.06.2020 00:00	138.4	138.96	136.78	137.28	246036
29.06.2020 00:00	136.9	139.32	136.86	139.02	308684
30.06.2020 00:00	139.44	141.46	138.86	140.88	572072
02.07.2020 00:00	141.1	141.4	140.1	141.1	301305
03.07.2020 00:00	141.28	143.82	140.62	143.2	401710
06.07.2020 00:00	144.04	144.98	143.32	143.98	333221
07.07.2020 00:00	144.94	144.94	143.02	143.3	433972
08.07.2020 00:00	142.94	143.46	141.78	142.78	287484
09.07.2020 00:00	142.44	142.82	138.92	140.22	568085
10.07.2020 00:00	136.72	136.86	134.36	135.64	581164
13.07.2020 00:00	135.68	138.2	135.0	135.64	312792
14.07.2020 00:00	135.5	137.9	133.4	137.1	476548
15.07.2020 00:00	137.16	139.26	136.68	138.72	352448
16.07.2020 00:00	137.86	138.96	136.6	138.3	213415
17.07.2020 00:00	138.3	138.92	136.94	137.74	169066
20.07.2020 00:00	137.06	139.26	136.68	138.48	227109
21.07.2020 00:00	138.5	141.28	138.2	139.6	372385
22.07.2020 00:00	139.96	142.08	139.18	141.18	507466
23.07.2020 00:00	141.54	143.9	140.84	141.66	453850
24.07.2020 00:00	141.0	144.5	140.22	143.84	614792
27.07.2020 00:00	144.46	145.98	143.46	145.7	602713
28.07.2020 00:00	145.88	149.2	145.38	146.86	669264
29.07.2020 00:00	146.52	147.84	144.5	147.04	540434
30.07.2020 00:00	147.16	147.36	142.78	145.28	731799
31.07.2020 00:00	145.88	146.0	142.58	145.72	583918
03.08.2020 00:00	145.52	146.8	144.52	144.68	349829
04.08.2020 00:00	145.0	149.62	144.52	149.1	993696
05.08.2020 00:00	149.54	149.68	148.08	148.7	705905
06.08.2020 00:00	148.7	150.5	147.72	149.16	701881
07.08.2020 00:00	149.22	149.82	146.52	149.5	509067
10.08.2020 00:00	149.22	154.74	149.22	154.4	851845
11.08.2020 00:00	154.6	159.84	153.84	157.94	874425
12.08.2020 00:00	157.52	163.04	157.26	162.98	757063
13.08.2020 00:00	163.24	166.98	159.28	159.76	766936
14.08.2020 00:00	160.26	160.48	158.92	160.48	480066
17.08.2020 00:00	161.34	161.86	157.72	159.7	611772
18.08.2020 00:00	159.98	161.78	158.76	159.68	605517
19.08.2020 00:00	160.12	162.18	159.34	160.32	436134
20.08.2020 00:00	159.86	161.86	159.08	160.96	410603
21.08.2020 00:00	161.18	161.34	158.08	159.92	432916
24.08.2020 00:00	160.04	161.98	159.32	160.18	379494
25.08.2020 00:00	160.22	160.94	159.28	160.62	437900
26.08.2020 00:00	160.74	161.3	158.82	159.8	446672
27.08.2020 00:00	159.84	160.94	157.54	158.82	636503
28.08.2020 00:00	159.66	159.66	155.38	156.1	599603
31.08.2020 00:00	156.4	157.64	154.08	154.48	870920
01.09.2020 00:00	155.5	161.76	152.4	161.28	915395
02.09.2020 00:00	161.22	163.38	160.48	161.9	1042760
03.09.2020 00:00	161.26	163.74	161.06	161.92	657012
04.09.2020 00:00	161.5	162.94	160.22	162.5	446772
07.09.2020 00:00	161.8	162.48	159.44	160.2	377703
08.09.2020 00:00	160.02	161.0	158.52	158.98	640094
09.09.2020 00:00	158.6	160.56	158.1	159.86	742373
10.09.2020 00:00	159.32	161.96	156.88	160.44	975885
11.09.2020 00:00	160.3	164.66	159.02	162.98	634434
14.09.2020 00:00	164.0	167.1	162.84	166.6	643303
15.09.2020 00:00	167.38	169.44	165.96	168.98	574211
16.09.2020 00:00	167.36	169.08	165.64	167.2	654671
17.09.2020 00:00	166.42	168.96	166.1	168.3	497548
18.09.2020 00:00	168.06	168.72	165.42	166.68	641318
21.09.2020 00:00	166.12	167.48	164.72	166.42	393977
22.09.2020 00:00	165.98	168.1	165.4	166.72	498667
23.09.2020 00:00	167.0	168.86	165.0	165.1	696029
24.09.2020 00:00	165.76	168.28	163.26	167.52	607334
25.09.2020 00:00	167.64	169.0	166.54	168.58	336241
28.09.2020 00:00	168.7	172.0	168.36	171.86	575323
29.09.2020 00:00	171.6	175.16	171.06	175.0	555163
30.09.2020 00:00	174.54	175.98	171.52	172.0	514598
01.10.2020 00:00	172.72	174.0	171.0	171.52	235958
02.10.2020 00:00	171.12	174.6	171.0	173.46	328657
05.10.2020 00:00	173.84	174.76	171.94	173.9	378599
06.10.2020 00:00	173.5	174.78	172.36	173.2	384906
07.10.2020 00:00	173.0	174.36	170.84	172.48	531659
08.10.2020 00:00	172.46	175.4	172.1	174.28	842997
09.10.2020 00:00	170.42	171.86	167.02	169.22	605268
12.10.2020 00:00	169.3	173.52	169.0	173.28	403862
13.10.2020 00:00	173.1	173.3	167.8	168.28	365969
14.10.2020 00:00	168.16	170.5	167.12	169.68	518044
15.10.2020 00:00	169.7	171.38	168.68	170.74	402125
16.10.2020 00:00	170.84	171.9	169.64	170.56	407344
19.10.2020 00:00	171.02	171.7	168.02	170.14	212592
20.10.2020 00:00	169.8	172.62	169.76	172.34	284587
21.10.2020 00:00	172.48	173.34	170.4	171.22	442813
22.10.2020 00:00	170.7	182.22	170.7	180.24	1328765
23.10.2020 00:00	180.4	181.92	178.7	179.5	703136
26.10.2020 00:00	179.88	181.0	178.02	179.64	477359
27.10.2020 00:00	179.98	184.18	179.24	180.62	688904
28.10.2020 00:00	181.02	181.84	175.62	178.84	795411
29.10.2020 00:00	179.44	182.5	177.36	181.08	598113
30.10.2020 00:00	179.98	186.4	177.8	185.1	913946
02.11.2020 00:00	185.2	189.24	183.24	188.2	703254
03.11.2020 00:00	190.04	191.32	188.2	190.6	643375
05.11.2020 00:00	193.44	194.24	185.7	186.54	1244500
06.11.2020 00:00	186.0	189.58	184.0	189.5	779645
09.11.2020 00:00	190.4	193.66	188.0	191.88	773432
10.11.2020 00:00	192.0	193.1	190.38	192.42	578033
11.11.2020 00:00	191.78	195.1	191.76	194.44	548706
12.11.2020 00:00	193.0	194.98	191.72	193.48	1033443
13.11.2020 00:00	193.6	198.52	192.72	197.72	542965
16.11.2020 00:00	198.7	202.86	198.0	202.58	1005838
17.11.2020 00:00	202.64	202.76	193.8	196.06	998420
18.11.2020 00:00	195.56	196.18	190.72	192.6	1002476
19.11.2020 00:00	191.98	193.8	190.2	191.0	460941
20.11.2020 00:00	191.5	192.2	189.76	191.34	285552
23.11.2020 00:00	191.56	193.9	188.7	190.34	515769
24.11.2020 00:00	190.2	193.9	189.76	193.44	375439
25.11.2020 00:00	193.9	195.6	191.7	194.46	451879
26.11.2020 00:00	194.5	198.22	193.98	197.14	523676
27.11.2020 00:00	197.64	199.48	196.1	198.38	324925
30.11.2020 00:00	197.82	198.46	191.24	192.62	1551247
01.12.2020 00:00	193.44	198.2	193.02	196.34	691233
02.12.2020 00:00	196.3	203.5	193.2	194.76	1709832
03.12.2020 00:00	192.4	194.9	189.26	191.0	2664352
04.12.2020 00:00	191.54	193.56	189.02	192.38	1145219
07.12.2020 00:00	192.26	198.98	191.1	196.44	1470530
08.12.2020 00:00	196.88	200.0	196.04	198.3	1349461
09.12.2020 00:00	198.52	201.22	196.78	197.26	1488185
10.12.2020 00:00	197.52	201.4	197.5	201.1	732712
11.12.2020 00:00	200.98	205.52	200.74	204.5	1152114
14.12.2020 00:00	206.0	212.8	205.28	211.1	1413830
15.12.2020 00:00	210.7	214.48	207.32	211.32	1025764
16.12.2020 00:00	212.1	215.94	211.8	214.44	965623
17.12.2020 00:00	214.9	216.4	211.64	213.18	728866
18.12.2020 00:00	213.0	214.48	210.24	213.34	903887
21.12.2020 00:00	213.0	214.4	206.5	210.4	986531
22.12.2020 00:00	210.0	217.9	209.08	217.2	1059920
23.12.2020 00:00	216.9	219.5	216.22	218.22	585773
24.12.2020 00:00	218.96	220.64	217.4	219.8	679676
25.12.2020 00:00	220.04	225.44	220.0	224.36	1209796
28.12.2020 00:00	218.3	221.48	218.1	220.4	1070646
29.12.2020 00:00	219.58	220.74	207.42	209.8	1803300
30.12.2020 00:00	210.02	211.82	205.56	208.84	1207506